2
0 0 10 1
-1 10 90 0
3
0 0 10 1
1 10 10 1
-1 20 80 0
4
0 0 10 1
1 10 10 1
2 20 20 1
-1 40 60 0
5
0 0 10 1
1 10 10 1
2 20 20 1
3 40 20 1
-1 60 40 0
5
0 0 10 1
-1 10 10 0
2 20 20 1
3 40 20 1
-1 60 40 0
4
-1 0 50 0
0 50 10 1
2 60 20 1
3 80 20 1
1
3 0 100 0
2
4 0 11 1
3 11 89 0
3
4 0 11 1
5 11 5 1
3 16 84 0
4
4 0 11 1
5 11 5 1
6 16 12 1
3 28 72 0
5
4 0 11 1
5 11 5 1
6 16 12 1
7 28 32 1
3 60 40 0
6
4 0 11 1
5 11 5 1
6 16 12 1
7 28 32 1
8 60 2 1
3 62 38 0
6
4 0 11 1
3 11 5 0
6 16 12 1
7 28 32 1
8 60 2 1
3 62 38 0
5
3 0 16 0
6 16 12 1
7 28 32 1
8 60 2 1
3 62 38 0
6
9 0 1 1
3 1 15 0
6 16 12 1
7 28 32 1
8 60 2 1
3 62 38 0
7
9 0 1 1
10 1 4 1
3 5 11 0
6 16 12 1
7 28 32 1
8 60 2 1
3 62 38 0
6
9 0 1 1
10 1 4 1
3 5 23 0
7 28 32 1
8 60 2 1
3 62 38 0
5
9 0 1 1
10 1 4 1
3 5 23 0
7 28 32 1
3 60 40 0
5
3 0 1 0
10 1 4 1
3 5 23 0
7 28 32 1
3 60 40 0
6
3 0 1 0
10 1 4 1
11 5 11 1
3 16 12 0
7 28 32 1
3 60 40 0
4
3 0 1 0
10 1 4 1
11 5 11 1
3 16 84 0
5
3 0 1 0
10 1 4 1
11 5 11 1
12 16 14 1
3 30 70 0
4
3 0 5 0
11 5 11 1
12 16 14 1
3 30 70 0
5
3 0 5 0
11 5 11 1
12 16 14 1
13 30 20 1
3 50 50 0
1
3 0 100 0
1
3 0 100 0
2
14 0 13 1
3 13 87 0
3
14 0 13 1
15 13 22 1
3 35 65 0
4
14 0 13 1
15 13 22 1
16 35 51 1
3 86 14 0
4
3 0 14 0
14 14 13 1
15 27 22 1
16 49 51 1
4
3 0 14 0
14 14 13 1
16 27 22 0
16 49 51 1
3
3 0 14 0
14 14 13 1
16 27 73 0
4
3 0 14 0
14 14 13 1
17 27 52 1
16 79 21 0
3
16 0 27 0
17 27 52 1
16 79 21 0
1
16 0 100 0
2
18 0 56 1
16 56 44 0
3
18 0 56 1
19 56 11 1
16 67 33 0
2
18 0 56 1
16 56 44 0
1
16 0 100 0
2
20 0 65 1
16 65 35 0
1
16 0 100 0
2
21 0 62 1
16 62 38 0
1
16 0 100 0
2
22 0 42 1
16 42 58 0
1
16 0 100 0
2
23 0 51 1
16 51 49 0
3
23 0 51 1
24 51 2 1
16 53 47 0
4
23 0 51 1
24 51 2 1
25 53 9 1
16 62 38 0
4
16 0 38 0
23 38 51 1
24 89 2 1
25 91 9 1
4
16 0 38 0
23 38 51 1
24 89 2 1
25 91 9 0
3
25 0 89 0
24 89 2 1
25 91 9 0
4
26 0 38 1
25 38 51 0
24 89 2 1
25 91 9 0
2
26 0 38 1
25 38 62 0
1
25 0 100 0
2
27 0 37 1
25 37 63 0
1
25 0 100 0
2
28 0 20 1
25 20 80 0
3
28 0 20 1
29 20 7 1
25 27 73 0
4
28 0 20 1
29 20 7 1
30 27 10 1
25 37 63 0
5
28 0 20 1
29 20 7 1
30 27 10 1
31 37 17 1
25 54 46 0
6
28 0 20 1
29 20 7 1
30 27 10 1
31 37 17 1
32 54 10 1
25 64 36 0
6
25 0 20 0
29 20 7 1
30 27 10 1
31 37 17 1
32 54 10 1
25 64 36 0
6
25 0 20 0
29 20 7 1
30 27 10 1
25 37 17 0
32 54 10 1
25 64 36 0
6
25 0 20 0
29 20 7 1
30 27 10 1
25 37 17 0
32 54 10 1
33 64 36 1
5
25 0 27 0
30 27 10 1
25 37 17 0
32 54 10 1
33 64 36 1
3
25 0 54 0
32 54 10 1
33 64 36 1
2
25 0 64 0
33 64 36 1
1
25 0 100 0
2
34 0 15 1
25 15 85 0
3
34 0 15 1
35 15 28 1
25 43 57 0
4
34 0 15 1
35 15 28 1
36 43 14 1
25 57 43 0
5
34 0 15 1
35 15 28 1
36 43 14 1
37 57 5 1
25 62 38 0
5
34 0 15 1
25 15 28 0
36 43 14 1
37 57 5 1
25 62 38 0
6
34 0 15 1
38 15 25 1
25 40 3 0
36 43 14 1
37 57 5 1
25 62 38 0
6
34 0 15 1
38 15 25 1
39 40 3 1
36 43 14 1
37 57 5 1
25 62 38 0
6
25 0 15 0
38 15 25 1
39 40 3 1
36 43 14 1
37 57 5 1
25 62 38 0
6
25 0 15 0
38 15 25 1
39 40 3 1
25 43 14 0
37 57 5 1
25 62 38 0
7
25 0 15 0
38 15 25 1
39 40 3 1
25 43 14 0
37 57 5 1
40 62 28 1
25 90 10 0
6
25 0 15 0
38 15 25 1
39 40 3 1
25 43 14 0
37 57 5 1
25 62 38 0
5
25 0 40 0
39 40 3 1
25 43 14 0
37 57 5 1
25 62 38 0
3
25 0 40 0
39 40 3 1
25 43 57 0
1
25 0 100 0
2
41 0 4 1
25 4 96 0
1
25 0 100 0
2
42 0 13 1
25 13 87 0
3
42 0 13 1
43 13 3 1
25 16 84 0
4
42 0 13 1
43 13 3 1
44 16 6 1
25 22 78 0
4
42 0 13 1
25 13 3 0
44 16 6 1
25 22 78 0
3
25 0 16 0
44 16 6 1
25 22 78 0
1
25 0 100 0
2
45 0 5 1
25 5 95 0
1
25 0 100 0
2
46 0 8 1
25 8 92 0
3
46 0 8 1
47 8 1 1
25 9 91 0
4
46 0 8 1
47 8 1 1
48 9 4 1
25 13 87 0
3
46 0 8 1
47 8 1 1
25 9 91 0
4
46 0 8 1
47 8 1 1
49 9 14 1
25 23 77 0
4
46 0 8 1
25 8 1 0
49 9 14 1
25 23 77 0
1
25 0 100 0
