0
1
0 10
0
2
0 10
1 10
0
3
0 10
1 10
2 20
0
4
0 10
1 10
2 20
3 20
0
4
0 10
1 10
2 20
3 20
0
0
1
1
4 11 5
1
2
4 11 5
5 5 4
1
3
4 11 5
5 5 4
6 12 7
1
4
4 11 5
5 5 4
6 12 7
7 32 8
1
5
4 11 5
5 5 4
6 12 7
7 32 8
8 2 7
1
4
4 11 5
6 12 7
7 32 8
8 2 7
1
3
6 12 7
7 32 8
8 2 7
1
4
6 12 7
7 32 8
8 2 7
9 1 2
1
5
6 12 7
7 32 8
8 2 7
9 1 2
10 4 3
1
4
7 32 8
8 2 7
9 1 2
10 4 3
1
3
7 32 8
9 1 2
10 4 3
1
2
7 32 8
10 4 3
1
3
7 32 8
10 4 3
11 11 9
1
2
10 4 3
11 11 9
1
3
10 4 3
11 11 9
12 14 10
1
2
11 11 9
12 14 10
1
3
11 11 9
12 14 10
13 20 7
1
0
1
0
1
1
14 13 10
1
2
14 13 10
15 22 4
1
3
14 13 10
15 22 4
16 51 8
1
2
14 13 10
16 51 8
1
1
14 13 10
1
2
14 13 10
17 52 10
1
1
17 52 10
1
0
1
1
18 56 7
1
2
18 56 7
19 11 3
1
1
18 56 7
1
0
1
1
20 65 1
1
0
1
1
21 62 1
1
0
1
1
22 42 5
1
0
1
1
23 51 9
1
2
23 51 9
24 2 8
1
3
23 51 9
24 2 8
25 9 5
1
2
23 51 9
24 2 8
1
1
24 2 8
1
2
24 2 8
26 38 7
1
1
26 38 7
1
0
1
1
27 37 5
1
0
1
1
28 20 7
1
2
28 20 7
29 7 7
1
3
28 20 7
29 7 7
30 10 6
1
4
28 20 7
29 7 7
30 10 6
31 17 4
1
5
28 20 7
29 7 7
30 10 6
31 17 4
32 10 9
1
4
29 7 7
30 10 6
31 17 4
32 10 9
1
3
29 7 7
30 10 6
32 10 9
1
4
29 7 7
30 10 6
32 10 9
33 36 9
1
3
30 10 6
32 10 9
33 36 9
1
2
32 10 9
33 36 9
1
1
33 36 9
1
0
1
1
34 15 9
1
2
34 15 9
35 28 8
1
3
34 15 9
35 28 8
36 14 9
1
4
34 15 9
35 28 8
36 14 9
37 5 9
1
3
34 15 9
36 14 9
37 5 9
1
4
34 15 9
36 14 9
37 5 9
38 25 4
1
5
34 15 9
36 14 9
37 5 9
38 25 4
39 3 6
1
4
36 14 9
37 5 9
38 25 4
39 3 6
1
3
37 5 9
38 25 4
39 3 6
1
4
37 5 9
38 25 4
39 3 6
40 28 2
1
3
37 5 9
38 25 4
39 3 6
1
2
37 5 9
39 3 6
1
1
39 3 6
1
0
1
1
41 4 5
1
0
1
1
42 13 9
1
2
42 13 9
43 3 2
1
3
42 13 9
43 3 2
44 6 10
1
2
42 13 9
44 6 10
1
1
44 6 10
1
0
1
1
45 5 3
1
0
1
1
46 8 10
1
2
46 8 10
47 1 4
1
3
46 8 10
47 1 4
48 4 2
1
2
46 8 10
47 1 4
1
3
46 8 10
47 1 4
49 14 9
1
2
46 8 10
49 14 9
1
0
